-0.258561 0.053487 -0.032343 0.020041 -0.064839 -0.007140 0.012285 0.035183 -0.085418 0.013894 0.000000 0.000000 0.000000 0.000000 0.000000 0.000000
23.533165 10.782705 -28.257678 -10.368159 -9.729325 2.724349 -4.120996 1.291560 6.613596 0.585523 0.000000 0.000000 0.000000 0.000000 0.000000 0.000000
9.279875 2.461488 -7.691228 2.894811 3.004316 -3.206077 -0.115502 2.204442 0.982828 3.719250 0.000000 0.000000 0.000000 0.000000 0.000000 0.000000
6.576183 -1.545434 -0.794716 1.574164 3.328714 -1.763172 0.643350 -2.005331 -1.089655 1.602286 0.000000 0.000000 0.000000 0.000000 0.000000 0.000000
-7.353243 1.239457 -0.060568 -0.602145 0.526785 3.158648 0.413708 -0.816410 -0.008681 -2.728593 0.000000 0.000000 0.000000 0.000000 0.000000 0.000000
2.280659 1.178817 0.672633 -0.910029 -0.587166 1.457682 0.099010 0.099533 0.072569 -1.429395 0.000000 0.000000 0.000000 0.000000 0.000000 0.000000
-0.900338 -0.729787 -0.422053 0.505531 0.243956 -0.763602 -0.143286 0.087591 0.186376 0.755778 0.000000 0.000000 0.000000 0.000000 0.000000 0.000000
-5.449949 -0.412462 -1.683156 0.494921 0.068701 0.680654 -0.329105 -0.033306 -0.551347 -0.315024 0.000000 0.000000 0.000000 0.000000 0.000000 0.000000
-0.575705 0.203032 -0.347352 0.174767 -0.028116 -0.078571 0.116770 -0.021391 -0.510930 0.124864 0.000000 0.000000 0.000000 0.000000 0.000000 0.000000
0.340588 0.089180 0.089487 -0.136050 0.055593 0.245604 0.012699 -0.087058 0.068891 -0.237327 0.000000 0.000000 0.000000 0.000000 0.000000 0.000000
-0.353589 0.100584 -0.032842 0.011846 -0.103201 0.015161 0.021723 0.048778 -0.127047 -0.004996 0.000000 0.000000 0.000000 0.000000 0.000000 0.000000
0.000000 0.000000 0.000000 0.000000 0.000000 0.000000 0.000000 0.000000 0.000000 0.000000 4.445751 -6.301682 -2.590094 -2.559671 -0.730534 -1.140950
0.000000 0.000000 0.000000 0.000000 0.000000 0.000000 0.000000 0.000000 0.000000 0.000000 0.053641 -4.319698 -1.316529 -1.152846 0.214123 -0.495450
0.000000 0.000000 0.000000 0.000000 0.000000 0.000000 0.000000 0.000000 0.000000 0.000000 0.089803 -0.636747 -0.009773 0.627500 1.059061 -1.110959
0.000000 0.000000 0.000000 0.000000 0.000000 0.000000 0.000000 0.000000 0.000000 0.000000 -1.062808 0.019282 -0.875582 -0.511044 -0.187144 0.004558
0.000000 0.000000 0.000000 0.000000 0.000000 0.000000 0.000000 0.000000 0.000000 0.000000 0.369154 -0.248765 0.347049 0.105764 -0.656641 -0.277675
0.000000 0.000000 0.000000 0.000000 0.000000 0.000000 0.000000 0.000000 0.000000 0.000000 0.188695 -0.542722 -0.030457 0.047023 0.210887 -0.439182
