-1.730254 -24.943100 18.252394 -0.700393 9.299817 -3.888201 4.756080 -10.716335 5.099793 -18.465997 0.000000 0.000000 0.000000 0.000000 0.000000 0.000000
6.421511 -36.660843 23.686104 -8.358806 18.442319 0.552173 2.173326 10.624245 1.184885 -30.659536 0.000000 0.000000 0.000000 0.000000 0.000000 0.000000
5.611707 -18.132827 39.764998 -17.053716 -2.083997 0.163632 -4.624235 -2.894099 -3.095976 -45.513578 0.000000 0.000000 0.000000 0.000000 0.000000 0.000000
-12.384795 -5.474188 24.536480 10.159308 -6.829137 -4.346863 -3.860910 -0.149565 -5.144227 -7.847863 0.000000 0.000000 0.000000 0.000000 0.000000 0.000000
-20.273069 60.218183 -18.576446 -1.207335 -29.105827 4.484782 -2.462857 -13.740180 -6.359241 34.411466 0.000000 0.000000 0.000000 0.000000 0.000000 0.000000
-6.369458 -0.060439 -16.075417 3.181618 -14.424729 4.258832 28.641872 7.686952 2.058438 18.343322 0.000000 0.000000 0.000000 0.000000 0.000000 0.000000
7.069706 15.073997 -9.790932 -1.183929 -4.149548 -7.153006 -5.344377 4.499909 -3.572969 9.516166 0.000000 0.000000 0.000000 0.000000 0.000000 0.000000
0.257156 15.420671 -23.599536 11.473924 21.847382 2.410273 1.378750 9.156049 -6.250663 20.862220 0.000000 0.000000 0.000000 0.000000 0.000000 0.000000
11.293699 16.770365 -18.871886 -14.046899 3.028346 -4.938964 4.357283 1.952546 -4.823030 12.834634 0.000000 0.000000 0.000000 0.000000 0.000000 0.000000
-3.193274 -21.862636 2.835967 -0.160558 8.552678 2.643139 -0.243954 -3.477156 -5.937287 -3.362018 0.000000 0.000000 0.000000 0.000000 0.000000 0.000000
-5.576830 16.436697 -16.758894 1.903838 -6.832287 7.839582 -4.319532 10.334022 -5.053325 14.053494 0.000000 0.000000 0.000000 0.000000 0.000000 0.000000
0.000000 0.000000 0.000000 0.000000 0.000000 0.000000 0.000000 0.000000 0.000000 0.000000 19.214962 6.972683 24.073543 -7.959073 -0.967349 1.059684
0.000000 0.000000 0.000000 0.000000 0.000000 0.000000 0.000000 0.000000 0.000000 0.000000 -7.864999 -12.418267 -5.160195 6.895046 32.220992 -3.531738
0.000000 0.000000 0.000000 0.000000 0.000000 0.000000 0.000000 0.000000 0.000000 0.000000 15.616895 -2.876651 -5.041002 -20.597712 6.440605 -4.391102
0.000000 0.000000 0.000000 0.000000 0.000000 0.000000 0.000000 0.000000 0.000000 0.000000 -7.564004 2.194266 -20.589806 3.688948 6.204178 -2.221209
0.000000 0.000000 0.000000 0.000000 0.000000 0.000000 0.000000 0.000000 0.000000 0.000000 -2.577420 31.622024 6.671821 5.550595 -1.646706 -1.637047
0.000000 0.000000 0.000000 0.000000 0.000000 0.000000 0.000000 0.000000 0.000000 0.000000 -2.591235 -1.937637 -5.264916 -1.439134 -1.969395 -7.399864
